&PHMDRST
 PH_THETA=  7.7898573875427246     , -34.264072418212891     ,  1.7864091396331787     ,  15.424052238464355     ,  6.6510877609252930     ,
  -1.3334982395172119     ,  1.4145703315734863     ,  37.556194305419922     ,  1.3151633739471436     , -13.040207862854004     ,  1.1097594499588013     ,
   1.5528069734573364     ,  1.5998803377151489     , -19.083940505981445     ,  1.5410425662994385     , -3.4409716129302979     , 496*0.78539816339744828      ,
 
 VPH_THETA= -8.2493118941783905E-002,-0.17676690220832825     ,  7.5592793524265289E-002, 0.23175269365310669     , 0.11301088333129883     ,
   4.7172375023365021E-002, -8.2314684987068176E-003,  5.7200033217668533E-002, -6.7563462071120739E-003, 0.16295602917671204     ,-0.25121289491653442     ,
  0.13116598129272461     , 0.28192549943923950     ,  9.7862087190151215E-002,  5.3001022897660732E-003,  7.3663406074047089E-002, 496*0.0000000000000000       ,
 
 /
