&PHMDRST
 PH_THETA=  4.5806303024291992     ,  9.3794250488281250     ,  1.5312319993972778     ,  29.853305816650391     ,  18.787176132202148     ,
  -15.511586189270020     ,  1.6318051815032959     , -29.823265075683594     , -1.2301492691040039     , -17.014833450317383     ,  2.0248687267303467     ,
  -42.602512359619141     ,  1.6724745035171509     , -7.6582021713256836     ,  1.2350374460220337     , -3.0020301342010498     , 496*0.78539816339744828      ,
 
 VPH_THETA= -9.0586401522159576E-002, 0.31249117851257324     ,  7.4388541281223297E-002,  6.0425810515880585E-002,-0.27374008297920227     ,
  0.30577918887138367     , -6.6370993852615356E-002,-0.13054734468460083     , -1.8654551357030869E-002, 0.22084788978099823     ,-0.38897523283958435     ,
  0.25805336236953735     ,  2.5906305760145187E-002,-0.19706389307975769     ,-0.35059118270874023     ,-0.11236017197370529     , 496*0.0000000000000000       ,
 
 /
