&PHMDRST
 PH_THETA=  1.5506578683853149     , -26.753252029418945     ,  4.6939482688903809     ,  22.948066711425781     ,  1.4698699712753296     ,
  -1.5236588716506958     ,  4.5801682472229004     ,  14.033695220947266     ,  1.6351609230041504     , -3.2484860420227051     ,  1.5498387813568115     ,
  -26.811370849609375     ,  1.2049285173416138     ,  3.0258448123931885     ,  1.5035718679428101     ,  9.4691343307495117     ,  4.8979620933532715     ,
  -4.3074183464050293     ,  1.2242774963378906     ,  6.2060384750366211     , 492*0.78539816339744828      ,
 VPH_THETA= 0.33377271890640259     , -4.8197722062468529E-003,-0.16717696189880371     , 0.28216031193733215     ,-0.47425082325935364     ,
  0.17081679403781891     , -5.9245180338621140E-002, -2.3891313001513481E-002, 0.41851654648780823     ,-0.30520260334014893     , 0.15249155461788177     ,
 -0.26545381546020508     , 0.31745007634162903     ,-0.14917667210102081     ,-0.28463143110275269     , 0.23810729384422302     , 0.24236664175987244     ,
   9.3650713562965393E-002, -1.5131787396967411E-002,-0.34763580560684204     , 492*0.0000000000000000       ,
 /
