&PHMDRST
 PH_THETA= -1.3770439624786377     , -35.967620849609375     ,  1.5118319988250732     , -1.1111485771834850E-002,  6.4830479621887207     ,
   9.4224452972412109     ,  1.5427364110946655     , -78.599960327148438     ,  1.5643833875656128     ,  16.098783493041992     ,  1.2447441816329956     ,
   33.026283264160156     ,  1.5804014205932617     , -1.6916812658309937     ,  1.8185023069381714     ,  6.4221873283386230     , 496*0.78539816339744828      ,
 
 VPH_THETA=  2.2608976811170578E-002, 0.32876366376876831     , -2.6928568258881569E-002, 0.64604139328002930     ,  4.6828739345073700E-002,
 -0.15208251774311066     , -5.0731126219034195E-002,  4.4342435896396637E-002, 0.14893162250518799     ,-0.15709260106086731     ,  5.9218760579824448E-003,
  0.27542287111282349     , 0.21488735079765320     ,  1.6362763941287994E-002, -8.5911676287651062E-002, 0.32372951507568359     , 496*0.0000000000000000       ,
 
 /
