&PHMDRST
 PH_THETA=  1.5366607904434204     ,  13.627486228942871     ,  1.5873960256576538     ,  20.608581542968750     ,  1.6386311054229736     ,
   9.4278135299682617     , -1.6205420494079590     , -14.096561431884766     ,  1.4083876609802246     ,  12.233880996704102     ,  1.6463161706924438     ,
   4.6201643943786621     ,  1.7412828207015991     , -15.688882827758789     ,  1.5990180969238281     , -25.157733917236328     , -1.6666957139968872     ,
   3.1617712974548340     ,  1.5816690921783447     , -31.555131912231445     , 492*0.78539816339744828      ,
 VPH_THETA= -4.0526840835809708E-002,-0.18431288003921509     , 0.24876315891742706     , 0.12983217835426331     , -7.3616742156445980E-003,
  0.17369517683982849     ,-0.21067713201045990     ,  7.7490456402301788E-002,  1.3780385255813599E-002, 0.11922648549079895     , -1.5538289211690426E-002,
 -0.35303679108619690     , -3.1706459820270538E-002,-0.20432387292385101     ,-0.11007243394851685     ,-0.36402699351310730     ,-0.55222362279891968     ,
 -0.17205916345119476     , 0.22474361956119537     ,-0.12245755642652512     , 492*0.0000000000000000       ,
 /
