&PHMDRST
 PH_THETA=  1.6197767257690430     , -10.990131378173828     ,  5.4515872001647949     , -12.557106018066406     ,  1.5835767984390259     ,
   48.970817565917969     ,  4.8870201110839844     , -21.930931091308594     ,  1.7414721250534058     ,  15.858336448669434     ,  1.5273753404617310     ,
  -3.1459267139434814     ,  1.7746099233627319     , -1.4403060674667358     ,  1.6030861139297485     , -26.644996643066406     ,  4.8727269172668457     ,
   11.153299331665039     ,  1.7162839174270630     ,  12.767046928405762     , 492*0.78539816339744828      ,
 VPH_THETA=-0.16640505194664001     ,-0.15685200691223145     ,  5.9480075724422932E-003,-0.25423127412796021     , 0.30788812041282654     ,
  -2.8020009398460388E-002,-0.24208065867424011     , 0.36226770281791687     , -9.9082715809345245E-002, 0.18337932229042053     , -4.8666461370885372E-003,
 -0.10317589342594147     ,-0.12840253114700317     ,  5.1316595636308193E-003, 0.37194159626960754     , -6.4575515687465668E-002, 0.15529114007949829     ,
 -0.39366906881332397     , 0.18287658691406250     ,  3.6755308508872986E-002, 492*0.0000000000000000       ,
 /
