&PHMDRST
 PH_THETA=  1.9639315605163574     ,  18.719791412353516     ,  1.4730216264724731     ,  12.445372581481934     , -5.7080750465393066     ,
  -15.620488166809082     ,  1.5796788930892944     , -30.200744628906250     ,  1.3518509864807129     , -44.121585845947266     ,  1.4127775430679321     ,
   23.472414016723633     ,  1.8104693889617920     ,  51.827964782714844     ,  1.6315135955810547     ,  2.7442698478698730     , 496*0.78539816339744828      ,
 
 VPH_THETA=  9.5990002155303955E-003, 0.34157958626747131     ,-0.44171923398971558     , 0.12713892757892609     ,-0.33774960041046143     ,
 -0.19159735739231110     , 0.51231396198272705     ,-0.41617816686630249     ,-0.14427633583545685     , 0.18044531345367432     ,-0.32830590009689331     ,
  0.23115085065364838     , 0.53065812587738037     , -3.3227391541004181E-002, 0.34798964858055115     , 0.39216300845146179     , 496*0.0000000000000000       ,
 
 /
