&PHMDRST
 PH_THETA=  1.7453448772430420     , -12.588215827941895     , 0.16819667816162109     ,  1.6484657526016235     ,  45.754207611083984     ,
  0.14854219555854797     ,  1.5875580310821533     ,  25.293535232543945     ,  2.9425511360168457     ,  6.4270520210266113     ,  4.7102832794189453     ,
  0.59137427806854248     ,  1.5949658155441284     , -4.6855421066284180     , -4.5706596374511719     ,  9.8516396246850491E-004,  1.4595377445220947     ,
   3.7377700805664062     ,-0.13859683275222778     ,  1.4091119766235352     , -29.756744384765625     ,-0.14287075400352478     , 0.41792759299278259     ,
   1.8791399002075195     , -28.322435379028320     ,-0.48546323180198669     , 0.57976382970809937     ,  1.6029999256134033     ,  8.0316524505615234     ,
  -2.2230548858642578     ,  4.7207708358764648     ,  35.985076904296875     ,  1.5492260456085205     , -20.684320449829102     , -2.9068398475646973     ,
   1.1044576168060303     , -17.004528045654297     , -5.3873173892498016E-003,  1.8171745538711548     , -8.0301847457885742     ,  4.6258248388767242E-002,
   1.2595629692077637     ,  21.886163711547852     ,  6.8692840635776520E-002, -5.3316291421651840E-002,  6.3898367881774902     ,  20.717178344726562     ,
   1.8940979242324829     ,  6.1586685180664062     , -5.0454307347536087E-003,  1.4489634037017822     , -3.1602091789245605     , 0.16202472150325775     ,
   1.6158007085323334E-002,  1.4176691770553589     ,  4.5105533599853516     , 0.11548160016536713     , 455*0.78539816339744828      ,
 VPH_THETA= -3.8882751017808914E-002,-0.51688510179519653     ,  7.0907874032855034E-004,-0.63322991132736206     ,-0.19241508841514587     ,
  -5.4117057472467422E-002,  3.1580470502376556E-002,-0.17140039801597595     , -6.5896302461624146E-002, 0.18309271335601807     , -2.4383150041103363E-002,
  0.16782674193382263     ,  6.7474983632564545E-002,-0.22233480215072632     ,-0.20281933248043060     ,  7.3944725096225739E-002,  1.1851757764816284E-002,
 -0.11395325511693954     , 0.26959764957427979     , 0.14100824296474457     ,-0.19910950958728790     , -2.8196331113576889E-003,-0.28929713368415833     ,
  0.25985550880432129     ,  5.3473398089408875E-002,-0.35169625282287598     ,-0.16384826600551605     , 0.19452157616615295     ,-0.30373179912567139     ,
  -6.5573006868362427E-002, 0.11483062803745270     ,-0.33674499392509460     , 0.15652506053447723     , 0.47530212998390198     , 0.17027205228805542     ,
 -0.14727292954921722     , 0.12742522358894348     , -2.9244648292660713E-002, -3.6522731184959412E-002, -3.1175050884485245E-002, 0.43735757470130920     ,
 -0.25874233245849609     , 0.21583573520183563     ,  1.8688242882490158E-002,-0.50754791498184204     , 0.56088876724243164     ,-0.27748069167137146     ,
  0.27710220217704773     , 0.13366912305355072     , -3.2841160893440247E-002,-0.30717784166336060     ,  2.5354474782943726E-002,  8.6402773857116699E-002,
  0.12129520624876022     ,  7.2436459362506866E-002, -3.4872949123382568E-002,  2.1649144589900970E-002, 455*0.0000000000000000       ,
 /
