&PHMDRST
 PH_THETA=  1.5680942535400391     ,  1.4928779602050781     ,  11.080801963806152     , -10.551516532897949     ,  1.5031396150588989     ,
   43.993812561035156     ,  2.6413390636444092     , -3.1886570453643799     ,  1.5483878850936890     , -20.652587890625000     ,  1.4368966817855835     ,
   17.490177154541016     ,  1.5175750255584717     , -17.299650192260742     ,  1.6494162082672119     , -8.0510091781616211     , 0.19717158377170563     ,
  -9.3379631042480469     ,  1.8592088222503662     ,  15.876282691955566     , 492*0.78539816339744828      ,
 VPH_THETA= 0.30353268980979919     ,  7.1861058473587036E-002,-0.18679222464561462     , -3.5628695040941238E-003, -3.3195300493389368E-003,
  -3.0225910246372223E-002, 0.18694613873958588     ,-0.13294887542724609     ,  8.4664691239595413E-003, 0.25753477215766907     , 0.45587977766990662     ,
  -6.8525455892086029E-002, -9.8628595471382141E-002,-0.13970993459224701     ,  7.9586803913116455E-002,-0.32817754149436951     , 0.32821398973464966     ,
 -0.20871067047119141     , -4.1418053209781647E-002,-0.18753224611282349     , 492*0.0000000000000000       ,
 /
